-0.010000000000000009
-0.010000000000000009
-0.010000000000000009
-0.010000000000000009
-0.010000000000000009
-0.010000000000000009
-0.010000000000000009
-0.010000000000000009
-0.010000000000000009
-0.010000000000000009
-0.010000000000000009
-0.010000000000000009
-0.010000000000000009
-0.010000000000000009
-0.010000000000000009
-0.010000000000000009
-0.010000000000000009
-0.010000000000000009
-0.010000000000000009
-0.010000000000000009
-0.010000000000000009
-0.010000000000000009
-0.010000000000000009
-0.010000000000000009
-0.010000000000000009
-0.010000000000000009
-0.010000000000000009
-0.010000000000000009
-0.010000000000000009
-0.010000000000000009
-0.010000000000000009
-0.010000000000000009
-0.010000000000000009
-0.010000000000000009
-0.010000000000000009
-0.010000000000000009
-0.010000000000000009
-0.010000000000000009
-0.010000000000000009
-0.010000000000000009
-0.010000000000000009
-0.010000000000000009
-0.010000000000000009
-0.010000000000000009
-0.010000000000000009
-0.010000000000000009
-0.010000000000000009
-0.010000000000000009
-0.010000000000000009
-0.010000000000000009
-0.010000000000000009
-0.010000000000000009
-0.010000000000000009
-0.010000000000000009
-0.010000000000000009
-0.010000000000000009
-0.010000000000000009
-0.010000000000000009
-0.010000000000000009
-0.010000000000000009
-0.010000000000000009
-0.010000000000000009
-0.010000000000000009
-0.010000000000000009
-0.010000000000000009
-0.010000000000000009
-0.010000000000000009
-0.010000000000000009
-0.010000000000000009
-0.010000000000000009
-0.010000000000000009
-0.010000000000000009
-0.010000000000000009
-0.010000000000000009
-0.010000000000000009
-0.010000000000000009
-0.010000000000000009
-0.010000000000000009
-0.010000000000000009
-0.010000000000000009
-0.010000000000000009
-0.010000000000000009
-0.010000000000000009
-0.010000000000000009
-0.010000000000000009
-0.010000000000000009
-0.010000000000000009
-0.010000000000000009
-0.010000000000000009
-0.010000000000000009
-0.010000000000000009
-0.010000000000000009
-0.010000000000000009
-0.010000000000000009
-0.010000000000000009
-0.010000000000000009
-0.010000000000000009
-0.010000000000000009
-0.010000000000000009
-0.009999999999998233
0.010000000000000009
0.010000000000000009
0.010000000000000009
0.010000000000000009
0.010000000000000009
0.010000000000000009
0.010000000000000009
0.010000000000000009
0.010000000000000009
0.010000000000000009
0.010000000000000009
0.010000000000000009
0.010000000000000009
0.010000000000000009
0.010000000000000009
0.010000000000000009
0.010000000000000009
0.010000000000000009
0.010000000000000009
0.010000000000000009
0.010000000000000009
0.010000000000000009
0.010000000000000009
0.010000000000000009
0.010000000000000009
0.010000000000000009
0.010000000000000009
0.010000000000000009
0.010000000000000009
0.010000000000000009
0.010000000000000009
0.010000000000000009
0.010000000000000009
0.010000000000000009
0.010000000000000009
0.010000000000000009
0.010000000000000009
0.010000000000000009
0.010000000000000009
0.010000000000000009
0.010000000000000009
0.010000000000000009
0.010000000000000009
0.010000000000000009
0.010000000000000009
0.010000000000000009
0.010000000000000009
0.010000000000000009
0.010000000000000009
0.010000000000000009
0.010000000000000009
0.010000000000000009
0.010000000000000009
0.010000000000000009
0.010000000000000009
0.010000000000000009
0.010000000000000009
0.010000000000000009
0.010000000000000009
0.010000000000000009
0.010000000000000009
0.010000000000000009
0.010000000000000009
0.010000000000000009
0.010000000000000009
0.010000000000000009
0.010000000000000009
0.010000000000000009
0.010000000000000009
0.010000000000000009
0.010000000000000009
0.010000000000000009
0.010000000000000009
0.010000000000000009
0.010000000000000009
0.010000000000000009
0.010000000000000009
0.010000000000000009
0.010000000000000009
0.010000000000000009
0.010000000000000009
0.010000000000000009
0.010000000000000009
0.010000000000000009
0.010000000000000009
0.010000000000000009
0.010000000000000009
0.010000000000000009
0.010000000000000009
0.010000000000000009
0.010000000000000009
0.010000000000000009
0.010000000000000009
0.010000000000000009
0.010000000000000009
0.010000000000000009
0.010000000000000009
0.010000000000000009
0.010000000000000009
